57905.970112 57905.992355
57906.068489 57906.098547
57906.122355 57906.140991
57906.183310 57906.201646
57906.201361 57906.214887
57906.225831 57906.235750
57906.272673 57906.288904
57906.315262 57906.333597
57906.469107 57906.485939
57906.518304 57906.540848
57906.560752 57906.572475
57906.617883 57906.627201
57906.656644 57906.682494
57906.676297 57906.679303
57906.685752 57906.689058
57906.688937 57906.692844
57906.734429 57906.751562
57906.797910 57906.797905
57906.835149 57906.863404
57906.894023 57906.897796
57907.152834 57907.171771
57907.191656 57907.201876
57907.248646 57907.257063
57907.376831 57907.381357
57907.389612 57907.392033
57907.399988 57907.399994
57907.439350 57907.456784
57907.625125 57907.652779
57907.776786 57907.788809
57907.844514 57907.861346
57907.876064 57907.881475
57908.011078 57908.025206
57908.145632 57908.156754
57908.156670 57908.168393
57908.238800 57908.266453
57908.372212 57908.389345
57908.499795 57908.519934
57908.589857 57908.615106
57908.643423 57908.662961
57908.728718 57908.750360
57908.955739 57908.968965
57909.036247 57909.039122
57909.096122 57909.119868
57909.219397 57909.258172
57909.375825 57909.413999
57909.876039 57909.897982
57909.963518 57909.978547
57910.017624 57910.035359
57910.398888 57910.414519
57910.502553 57910.521791
57910.659723 57910.672347
57910.897059 57910.912088
57910.957435 57910.979077
57911.060118 57911.064701
57911.093951 57911.114992
57911.160317 57911.182560
57911.182719 57911.183020
57911.232131 57911.245356
57911.266946 57911.271144
57911.326199 57911.330231
57911.347012 57911.391498
57911.475577 57911.501126
57911.570026 57911.597078
57911.645706 57911.677567
57911.737351 57911.755085
57911.891895 57911.924057
57912.012206 57912.028437
57912.044057 57912.053375
57912.126247 57912.146987
57912.215308 57912.221620
57912.224843 57912.241075
57912.276385 57912.288408
57912.487740 57912.499162
57912.504466 57912.522801
57912.541845 57912.550262
57912.631767 57912.647998
57912.656727 57912.686785
57912.726878 57912.737699
57912.991737 57913.001356
57913.041856 57913.084839
57913.138249 57913.150272
57913.238668 57913.256102
57913.292032 57913.309165
57913.450704 57913.474149
57913.570593 57913.597946
57913.583974 57913.591489
57913.599179 57913.607896
57913.613942 57913.625364
57913.642566 57913.658196
57913.893404 57913.898815
57913.902719 57913.906836
57913.958868 57913.967885
57914.023110 57914.032121
57914.258241 57914.273270
57914.799317 57914.805629
57914.942982 57914.960415
57914.986091 57914.993305
57915.126012 57915.134429
57915.143180 57915.156406
57915.360223 57915.370142
57915.522018 57915.544562
57915.589586 57915.596432
57915.633034 57915.649788
57915.661939 57915.693500
57915.746313 57915.753676
57915.787257 57915.803789
57915.805106 57915.816022
57915.853463 57915.862493
57916.085338 57916.100616
57916.289971 57916.307405
57916.308200 57916.312709
57916.472256 57916.507724
57916.697574 57916.725528
57916.725018 57916.736741
57916.811675 57916.825802
57916.853601 57916.869231
57916.892643 57916.902562
57916.914437 57916.926761
57916.997307 57917.006625
57917.006302 57917.015620
57917.146684 57917.168025
57917.286604 57917.292015
57917.305374 57917.315894
57917.330733 57917.355080
57917.369616 57917.373223
57917.455511 57917.462424
57917.475563 57917.492094
57917.619129 57917.647082
57917.987890 57918.001116
57918.024368 57918.041501
57918.410757 57918.419775
57918.437098 57918.455434
57918.720646 57918.728461
57918.728739 57918.741664
57919.010323 57919.034970
57919.144053 57919.175012
57919.251803 57919.258416
57919.261258 57919.270275
57919.306369 57919.312681
57919.391822 57919.427291
57919.579099 57919.601041
57919.734984 57919.745504
57919.780776 57919.788591
57919.792875 57919.803396
57919.828071 57919.853920
57919.997737 57920.022986
57920.299612 57920.312838
57920.546100 57920.569845
57920.587466 57920.607004
57920.630233 57920.643158
57920.646579 57920.667319
57920.684719 57920.712372
57920.903423 57920.921157
57921.139956 57921.154083
57921.275950 57921.286470
57921.353451 57921.364573
57921.583813 57921.620784
57921.584753 57921.617817
57921.598017 57921.601504
57921.608534 57921.618851
57921.609294 57921.618775
57921.660074 57921.685022
57921.786993 57921.808334
57921.836251 57921.851581
57921.953175 57921.966701
57922.102630 57922.122468
57922.272437 57922.286264
57922.292808 57922.312045
57922.371813 57922.400367
57922.589816 57922.603342
57922.650873 57922.655392
57922.707421 57922.728161
57922.757280 57922.763104
57922.788008 57922.792817
57923.027524 57923.040749
57923.173874 57923.191307
57923.326894 57923.344628
57923.364193 57923.381927
57923.473625 57923.492261
57923.596138 57923.635814
57923.752103 57923.760519
57923.818927 57923.831852
57923.912915 57923.921932
57923.921529 57923.927841
57924.169899 57924.198754
57924.356071 57924.385828
57924.469349 57924.491892
57924.495751 57924.513485
57924.592984 57924.597492
57924.656864 57924.667384
57924.673430 57924.681245
57924.820020 57924.831141
57924.892274 57924.926239
57924.967652 57924.972762
57924.977487 57924.981695
57925.233208 57925.254248
57925.448726 57925.463454
57925.930382 57925.940602
57926.008184 57926.027120
57926.066836 57926.074350
57926.482128 57926.490844
57926.537013 57926.550538
57926.634006 57926.646931
57926.651573 57926.661191
57926.726330 57926.745567
57926.988100 57926.994713
57927.070490 57927.079808
57927.254177 57927.277321
57927.337469 57927.351896
57927.474363 57927.479473
57927.489267 57927.494978
57927.544593 57927.561125
57927.724015 57927.733934
57928.207953 57928.218773
57928.361954 57928.378485
57928.423090 57928.434812
57928.570881 57928.582003
