57906.467303 57906.486841
57906.517403 57906.542952
57906.731723 57906.755169
57906.834848 57906.861600
57907.438749 57907.454379
57907.623623 57907.653380
57907.774983 57907.792717
57907.843612 57907.858641
57908.726915 57908.752765
57909.094318 57909.116261
57911.091847 57911.116194
57911.228223 57911.248663
57911.343424 57911.385205
57911.474975 57911.510444
57911.567321 57911.591668
57912.223641 57912.241075
57912.502662 57912.523102
57913.040954 57913.085440
57913.448900 57913.476854
57913.569992 57913.594940
57913.957365 57913.971191
57914.256738 57914.276576
57915.521117 57915.545163
57915.660737 57915.686888
57915.786957 57915.803188
57917.145481 57917.175239
57917.474060 57917.494199
57917.618828 57917.649186
57918.727236 57918.739560
57919.577295 57919.603145
57919.827169 57919.854521
57921.657670 57921.683219
57922.705918 57922.729062
57923.172672 57923.191608
57924.468146 57924.491591
57924.655060 57924.668887
57924.889287 57924.926258
57926.007883 57926.027721
57927.069288 57927.085219
57927.542189 57927.565333
57928.905985 57928.943257
57929.673227 57929.686453
57930.373223 57930.393361
57930.445956 57930.476915
57931.366756 57931.394710
57931.636899 57931.655535
57931.759411 57931.791873
57931.887090 57931.920153
57932.006196 57932.022127
57932.195673 57932.214008
57932.430500 57932.448835
57932.608177 57932.628617
57933.580296 57933.609752
57934.223361 57934.238690
57934.313120 57934.341374
57934.843429 57934.862065
57936.762805 57936.782041
57937.313183 57937.330316
57939.704028 57939.730479
57940.464534 57940.480163
57940.969580 57940.985811
57941.124641 57941.146883
57941.430137 57941.463200
57942.457095 57942.477234
57942.656185 57942.674520
57943.016926 57943.046082
57943.903886 57943.918013
57945.377478 57945.406633
57946.015249 57946.028474
57946.075483 57946.098627
57946.664298 57946.700667
57947.488599 57947.513546
57947.576695 57947.601041
57949.266259 57949.293010
57949.496578 57949.513710
57949.589940 57949.620298
57949.779377 57949.819052
57950.614212 57950.641564
57951.029878 57951.046409
57951.268088 57951.293937
57951.323413 57951.346257
57951.433204 57951.459354
57951.647315 57951.674066
57952.822720 57952.843760
57952.994426 57953.015767
57953.323677 57953.357040
57953.622360 57953.650013
57953.734293 57953.762848
57954.192705 57954.211040
57954.833058 57954.860710
57955.387818 57955.414569
57956.582531 57956.612588
57957.150945 57957.185866
57957.368169 57957.385903
57957.475095 57957.507256
57958.780979 57958.809233
57958.889728 57958.927600
57958.965546 57958.991094
57959.256577 57959.272207
57959.583042 57959.609793
57959.694496 57959.713131
57960.253342 57960.270174
57960.479753 57960.498689
57960.801432 57960.819766
57961.033611 57961.056454
57961.188869 57961.220128
57962.021822 57962.047972
57962.149480 57962.171121
57962.265781 57962.288023
57963.222903 57963.249053
57963.292972 57963.315214
57965.420748 57965.440586
57965.483326 57965.521498
57965.580557 57965.604001
57965.869484 57965.892327
57966.584592 57966.607435
57967.430002 57967.453747
57967.812375 57967.830108
57967.984359 57968.018323
57969.072107 57969.093146
57969.657354 57969.672983
57969.799694 57969.817127
57970.675029 57970.700277
57971.362637 57971.386382
57971.715423 57971.728047
57971.913230 57971.924652
57972.068671 57972.097826
57972.358800 57972.380742
57973.435249 57973.455687
57973.821708 57973.843649
57974.505648 57974.532699
57975.507861 57975.544832
57975.626506 57975.643939
57976.131770 57976.148001
57976.269282 57976.288519
57976.780135 57976.796666
57977.029702 57977.045332
57977.339461 57977.354490
57977.621320 57977.656787
57978.213618 57978.239467
57978.274753 57978.285273
57978.615963 57978.634598
57979.387900 57979.411345
57979.489458 57979.503885
57980.598298 57980.625350
57981.352369 57981.381525
57981.627376 57981.653525
57982.399075 57982.409595
57982.540434 57982.550954
57983.601001 57983.625347
57983.965287 57983.991737
57984.099215 57984.105227
57984.133207 57984.146432
57984.178298 57984.189419
57984.556745 57984.575682
57984.931907 57984.945187
